3958
5995
2881
4903
9060
8867
9191
5639
8463
2226
5016
3941
2093
1820
5898
6228
3649
7149
9000
1095
7764
6629
1578
7783
8941
8753
9624
1081
4223
3502
4181
7168
8872
7165
4847
1640
4408
3041
984
9115
5225
2501
6774
2921
8718
2248
3462
4880
835
4654
2131
6009
487
9128
154
6087
8234
7684
5312
3322
3294
2903
5676
2735
1664
1991
933
4869
4848
5187
5144
6955
9482
4294
3873
8925
177
9223
9750
4328
7309
1913
3831
5769
1546
5822
5451
8761
1469
8789
4038
4454
1763
4256
7747
7995
3940
4418
3560
5320
8525
3039
4143
5817
3894
4976
2595
2218
7628
9595
602
2874
1226
5923
7302
868
1257
2936
6523
4856
1103
1547
3545
6387
3098
8415
3544
8358
2975
3653
1631
6356
3757
5170
2894
1118
7455
8317
9046
4595
1746
6882
6501
8050
2260
7501
797
5521
3672
8863
5502
7896
9404
7016
5749
7938
6765
4767
8321
1533
5378
3305
8478
8301
6760
4646
3495
8261
8315
1977
8505
4536
2569
6749
1023
1571
1166
3598
4977
5160
5710
2969
759
8302
4218
5038
7540
2708
961
6307
9590
4584
1228
860
730
641
2279
5353
448
8295
7920
9973
1832
9615
9897
9651
8154
8966
6315
1453
210
5149
3089
729
8501
4349
8747
6670
8309
8109
1218
3215
6949
9032
2561
7415
4965
5357
1428
8308
9586
6349
16
6071
2442
3408
6205
2147
888
1605
938
8540
9839
4503
9692
3260
2286
3856
2369
6509
3490
3110
7722
4983
9362
3505
5646
145
8237
93
2750
247
9394
4834
2307
8914
6332
7516
7629
2832
3805
9574
6537
6455
7774
4858
6170
8810
6165
3582
2818
1613
5873
5284
6814
1625
6419
9176
3556
1540
1895
4485
4052
2169
6317
9981
5423
1267
4874
615
7402
8037
2793
3843
6619
1237
8918
2156
5712
5235
8708
592
1716
3328
6965
7448
1007
6470
5404
2465
8149
6727
7657
777
4683
999
5041
9080
8157
7638
6311
7965
3886
9040
8666
6183
9797
5945
7893
6056
5973
7279
7721
5215
7345
275
883
3166
1320
5051
557
5141
2958
8587
2034
8076
9841
9647
4041
3222
7712
5079
7401
4290
9929
8171
3211
4112
1055
5032
6689
3469
6172
2711
8417
4996
5566
6706
6691
9063
9802
5018
7365
6255
6635
5947
9989
2539
7231
6134
7380
1630
5099
1264
7519
5656
3226
4953
6964
9274
1159
5877
8537
9902
9146
1894
8290
3569
6266
6899
2290
1522
7839
5836
7104
5766
1409
7207
2035
636
1119
1183
539
6498
7166
7265
6557
1325
1917
5709
6114
1674
2605
5777
3707
7796
1843
412
9461
3196
6581
9188
178
1723
6591
1414
489
5103
7610
3092
3747
5077
9252
7084
4161
7454
3356
6146
8778
8492
4688
1311
8635
742
7787
9642
1889
296
5784
400
6534
4482
5549
5291
5606
3577
1064
165
5377
3337
132
8342
2032
6390
5991
5704
3767
6677
9956
2957
218
3428
4766
7556
9182
5588
3065
6416
2774
4725
